0.9688074588775635
0.9131147861480713
0.8992214202880859
0.9127459526062012
0.9043707847595215
0.9074127674102783
0.906501054763794
0.9235074520111084
0.923790454864502
0.9285576343536377
0.9102776050567627
0.8980715274810791
0.9158527851104736
0.9033970832824707
0.9139466285705566
0.9137587547302246
0.9025602340698242
0.9403824806213379
0.9022214412689209
0.9197511672973633
0.9183211326599121
0.9157140254974365
0.9117867946624756
0.9134764671325684
0.9116013050079346
0.8967256546020508
0.904280424118042
0.9039373397827148
0.9123282432556152
0.9175701141357422
0.9075758457183838
0.9107317924499512
0.9092564582824707
0.9063766002655029
0.9057950973510742
0.9058575630187988
0.9039185047149658
0.9120347499847412
0.904705286026001
0.8973183631896973
0.9119133949279785
0.9308264255523682
0.9364502429962158
0.9511001110076904
0.950580358505249
0.9693500995635986
0.9341506958007812
0.9795186519622803
0.9511468410491943
0.9531340599060059
0.9580867290496826
0.9228177070617676
0.9220712184906006
0.9037966728210449
0.9088320732116699
0.9142310619354248
0.9159188270568848
0.9194478988647461
0.9222054481506348
0.91400146484375
0.8989725112915039
0.9128036499023438
0.9115405082702637
0.9177308082580566
0.9196805953979492
0.9144618511199951
0.9247610569000244
0.9260787963867188
0.9180142879486084
0.911069393157959
0.9151690006256104
0.913975715637207
0.9189159870147705
0.9224166870117188
0.9109017848968506
0.9135532379150391
0.9148163795471191
0.9154057502746582
0.9225025177001953
0.9213817119598389
0.9184439182281494
0.9324150085449219
0.9158651828765869
0.9080085754394531
0.9153850078582764
0.9329078197479248
0.9264090061187744
0.9328882694244385
0.9088766574859619
0.9747467041015625
0.9616286754608154
0.9466545581817627
1.0112955570220947
0.9672203063964844
0.9311027526855469
0.9131455421447754
0.931948184967041
0.9366097450256348
0.9860858917236328
0.9600155353546143